10010001 000 00000 00010 10000 100000	96	ADDI	R0, R1, #5
00010100 000 00000 00000 00000 001110	100	B   	#14
00000000 000 00000 00000 00000 000000	104	NOP
00000000 000 00000 00000 00000 000000	108	NOP
00000000 000 00000 00000 00000 000000	112	NOP
00000000 000 00000 00000 00000 000000	116	NOP
00000000 000 00000 00000 00000 000000	120	NOP
00000000 000 00000 00000 00000 000000	124	NOP
00000000 000 00000 00000 00000 000000	128	NOP
00000000 000 00000 00000 00000 000000	132	NOP
00000000 000 00000 00000 00000 000000	136	NOP
00000000 000 00000 00000 00000 000000	140	NOP
00000000 000 00000 00000 00000 000000	144	NOP
00000000 000 00000 00000 00000 000000	148	NOP
00010100 000 00000 00000 00000 000010	152	B   	#2
00010111 111 11111 11111 11111 110011	156	B   	#-13
00000000 000 00000 00000 00000 000000	160	NOP
00000000 000 00000 00000 00000 000000	164	NOP
00000000 000 00000 00000 00000 000000	168	NOP
00000000 000 00000 00000 00000 000000	172	NOP
00000000 000 00000 00000 00000 000000	176	NOP
00000000 000 00000 00000 00000 000000	180	NOP
00010100 000 00000 00000 00000 000010	184	B   	#2
00010100 000 00000 00000 00000 000101	188	B   	#5
00000000 000 00000 00000 00000 000000	192	NOP
00000000 000 00000 00000 00000 000000	196	NOP
00000000 000 00000 00000 00000 000000	200	NOP
00010111 111 11111 11111 11111 111100	204	B   	#-4
00000000 000 00000 00000 00000 000000	208	NOP
11111110 110 11110 11111 11111 100111	212	BREAK
