====================
cycle:1	96	ADDI	R2, R0, #100

registers:
r00:	0	0	100	0	0	0	0	0	
r08:	0	0	0	0	0	0	0	0	
r16:	0	0	0	0	0	0	0	0	
r24:	0	0	0	0	0	0	0	0	

data:

====================
cycle:2	100	ADDI	R1, R0, #100

registers:
r00:	0	100	100	0	0	0	0	0	
r08:	0	0	0	0	0	0	0	0	
r16:	0	0	0	0	0	0	0	0	
r24:	0	0	0	0	0	0	0	0	

data:

====================
cycle:3	104	STUR	R1, [R2, #12]

registers:
r00:	0	100	100	0	0	0	0	0	
r08:	0	0	0	0	0	0	0	0	
r16:	0	0	0	0	0	0	0	0	
r24:	0	0	0	0	0	0	0	0	

data:
124:	0	0	0	0	0	0	100	0	

====================
cycle:4	108	LDUR	R4, [R2, #12]

registers:
r00:	0	100	100	0	100	0	0	0	
r08:	0	0	0	0	0	0	0	0	
r16:	0	0	0	0	0	0	0	0	
r24:	0	0	0	0	0	0	0	0	

data:
124:	0	0	0	0	0	0	100	0	

====================
cycle:5	112	MOVZ	R1, 21845, LSL 16

registers:
r00:	0	1431633920	100	0	100	0	0	0	
r08:	0	0	0	0	0	0	0	0	
r16:	0	0	0	0	0	0	0	0	
r24:	0	0	0	0	0	0	0	0	

data:
124:	0	0	0	0	0	0	100	0	

====================
cycle:6	116	MOVK	R2, 21845, LSL 32

registers:
r00:	0	1431633920	93823560581220	0	100	0	0	0	
r08:	0	0	0	0	0	0	0	0	
r16:	0	0	0	0	0	0	0	0	
r24:	0	0	0	0	0	0	0	0	

data:
124:	0	0	0	0	0	0	100	0	

====================
cycle:7	120	BREAK

registers:
r00:	0	1431633920	93823560581220	0	100	0	0	0	
r08:	0	0	0	0	0	0	0	0	
r16:	0	0	0	0	0	0	0	0	
r24:	0	0	0	0	0	0	0	0	

data:
124:	0	0	0	0	0	0	100	0	

