====================
cycle:1	96	ADDI	R0, R1, #5

registers:
r00:	5	0	0	0	0	0	0	0	
r08:	0	0	0	0	0	0	0	0	
r16:	0	0	0	0	0	0	0	0	
r24:	0	0	0	0	0	0	0	0	

data:
212:	1	2	3	4	5	7	8	

====================
cycle:2	100	B	#14

registers:
r00:	5	0	0	0	0	0	0	0	
r08:	0	0	0	0	0	0	0	0	
r16:	0	0	0	0	0	0	0	0	
r24:	0	0	0	0	0	0	0	0	

data:
212:	1	2	3	4	5	7	8	

====================
cycle:3	156	B	#-13

registers:
r00:	5	0	0	0	0	0	0	0	
r08:	0	0	0	0	0	0	0	0	
r16:	0	0	0	0	0	0	0	0	
r24:	0	0	0	0	0	0	0	0	

data:
212:	1	2	3	4	5	7	8	

====================
cycle:4	104	ADDI	R4, R5, #-10

registers:
r00:	5	0	0	0	-10	0	0	0	
r08:	0	0	0	0	0	0	0	0	
r16:	0	0	0	0	0	0	0	0	
r24:	0	0	0	0	0	0	0	0	

data:
212:	1	2	3	4	5	7	8	

====================
cycle:5	108	ADD	R3, R4, R0

registers:
r00:	5	0	0	-5	-10	0	0	0	
r08:	0	0	0	0	0	0	0	0	
r16:	0	0	0	0	0	0	0	0	
r24:	0	0	0	0	0	0	0	0	

data:
212:	1	2	3	4	5	7	8	

====================
cycle:6	112	SUB	R2, R0, R3

registers:
r00:	5	0	10	-5	-10	0	0	0	
r08:	0	0	0	0	0	0	0	0	
r16:	0	0	0	0	0	0	0	0	
r24:	0	0	0	0	0	0	0	0	

data:
212:	1	2	3	4	5	7	8	

====================
cycle:7	116	SUBI	R1, R2, #-20

registers:
r00:	5	30	10	-5	-10	0	0	0	
r08:	0	0	0	0	0	0	0	0	
r16:	0	0	0	0	0	0	0	0	
r24:	0	0	0	0	0	0	0	0	

data:
212:	1	2	3	4	5	7	8	

====================
cycle:8	120	ADDI	R6, R1, #44

registers:
r00:	5	30	10	-5	-10	0	74	0	
r08:	0	0	0	0	0	0	0	0	
r16:	0	0	0	0	0	0	0	0	
r24:	0	0	0	0	0	0	0	0	

data:
212:	1	2	3	4	5	7	8	

====================
cycle:9	124	AND	R7, R6, R0

registers:
r00:	5	30	10	-5	-10	0	74	0	
r08:	0	0	0	0	0	0	0	0	
r16:	0	0	0	0	0	0	0	0	
r24:	0	0	0	0	0	0	0	0	

data:
212:	1	2	3	4	5	7	8	

====================
cycle:10	128	ORR	R8, R6, R0

registers:
r00:	5	30	10	-5	-10	0	74	0	
r08:	79	0	0	0	0	0	0	0	
r16:	0	0	0	0	0	0	0	0	
r24:	0	0	0	0	0	0	0	0	

data:
212:	1	2	3	4	5	7	8	

====================
cycle:11	132	EOR	R9, R6, R0

registers:
r00:	5	30	10	-5	-10	0	74	0	
r08:	79	79	0	0	0	0	0	0	
r16:	0	0	0	0	0	0	0	0	
r24:	0	0	0	0	0	0	0	0	

data:
212:	1	2	3	4	5	7	8	

====================
cycle:12	136	MOVZ	R10, 255, LSL 16

registers:
r00:	5	30	10	-5	-10	0	74	0	
r08:	79	79	16711680	0	0	0	0	0	
r16:	0	0	0	0	0	0	0	0	
r24:	0	0	0	0	0	0	0	0	

data:
212:	1	2	3	4	5	7	8	

====================
cycle:13	140	MOVZ	R10, 255, LSL 0

registers:
r00:	5	30	10	-5	-10	0	74	0	
r08:	79	79	255	0	0	0	0	0	
r16:	0	0	0	0	0	0	0	0	
r24:	0	0	0	0	0	0	0	0	

data:
212:	1	2	3	4	5	7	8	

====================
cycle:14	144	MOVK	R11, 1000, LSL 32

registers:
r00:	5	30	10	-5	-10	0	74	0	
r08:	79	79	255	4294967296000	0	0	0	0	
r16:	0	0	0	0	0	0	0	0	
r24:	0	0	0	0	0	0	0	0	

data:
212:	1	2	3	4	5	7	8	

====================
cycle:15	148	MOVK	R11, 1000, LSL 0

registers:
r00:	5	30	10	-5	-10	0	74	0	
r08:	79	79	255	4294967297000	0	0	0	0	
r16:	0	0	0	0	0	0	0	0	
r24:	0	0	0	0	0	0	0	0	

data:
212:	1	2	3	4	5	7	8	

====================
cycle:16	152	B	#2

registers:
r00:	5	30	10	-5	-10	0	74	0	
r08:	79	79	255	4294967297000	0	0	0	0	
r16:	0	0	0	0	0	0	0	0	
r24:	0	0	0	0	0	0	0	0	

data:
212:	1	2	3	4	5	7	8	

====================
cycle:17	160	ADDI	R12, R12, #200

registers:
r00:	5	30	10	-5	-10	0	74	0	
r08:	79	79	255	4294967297000	200	0	0	0	
r16:	0	0	0	0	0	0	0	0	
r24:	0	0	0	0	0	0	0	0	

data:
212:	1	2	3	4	5	7	8	

====================
cycle:18	164	STUR	R12, [R12, #40]

registers:
r00:	5	30	10	-5	-10	0	74	0	
r08:	79	79	255	4294967297000	200	0	0	0	
r16:	0	0	0	0	0	0	0	0	
r24:	0	0	0	0	0	0	0	0	

data:
212:	1	2	3	4	5	7	8	0	
244:	0	0	0	0	0	0	0	0	
276:	0	0	0	0	0	0	0	0	
308:	0	0	0	0	0	0	0	0	
340:	0	0	0	0	200	

====================
cycle:19	168	LDUR	R13, [R12, #40]

registers:
r00:	5	30	10	-5	-10	0	74	0	
r08:	79	79	255	4294967297000	200	200	0	0	
r16:	0	0	0	0	0	0	0	0	
r24:	0	0	0	0	0	0	0	0	

data:
212:	1	2	3	4	5	7	8	0	
244:	0	0	0	0	0	0	0	0	
276:	0	0	0	0	0	0	0	0	
308:	0	0	0	0	0	0	0	0	
340:	0	0	0	0	200	

====================
cycle:20	172	LSL	R10, R10, #4

registers:
r00:	5	30	10	-5	-10	0	74	0	
r08:	79	79	4080	4294967297000	200	200	0	0	
r16:	0	0	0	0	0	0	0	0	
r24:	0	0	0	0	0	0	0	0	

data:
212:	1	2	3	4	5	7	8	0	
244:	0	0	0	0	0	0	0	0	
276:	0	0	0	0	0	0	0	0	
308:	0	0	0	0	0	0	0	0	
340:	0	0	0	0	200	

====================
cycle:21	176	ASR	R4, R4, #2

registers:
r00:	5	30	10	-5	-3	0	74	0	
r08:	79	79	4080	4294967297000	200	200	0	0	
r16:	0	0	0	0	0	0	0	0	
r24:	0	0	0	0	0	0	0	0	

data:
212:	1	2	3	4	5	7	8	0	
244:	0	0	0	0	0	0	0	0	
276:	0	0	0	0	0	0	0	0	
308:	0	0	0	0	0	0	0	0	
340:	0	0	0	0	200	

====================
cycle:22	180	LSR	R6, R6, #2

registers:
r00:	5	30	10	-5	-3	0	18	0	
r08:	79	79	4080	4294967297000	200	200	0	0	
r16:	0	0	0	0	0	0	0	0	
r24:	0	0	0	0	0	0	0	0	

data:
212:	1	2	3	4	5	7	8	0	
244:	0	0	0	0	0	0	0	0	
276:	0	0	0	0	0	0	0	0	
308:	0	0	0	0	0	0	0	0	
340:	0	0	0	0	200	

====================
cycle:23	184	B	#2

registers:
r00:	5	30	10	-5	-3	0	18	0	
r08:	79	79	4080	4294967297000	200	200	0	0	
r16:	0	0	0	0	0	0	0	0	
r24:	0	0	0	0	0	0	0	0	

data:
212:	1	2	3	4	5	7	8	0	
244:	0	0	0	0	0	0	0	0	
276:	0	0	0	0	0	0	0	0	
308:	0	0	0	0	0	0	0	0	
340:	0	0	0	0	200	

====================
cycle:24	192	SUBI	R0, R0, #1

registers:
r00:	4	30	10	-5	-3	0	18	0	
r08:	79	79	4080	4294967297000	200	200	0	0	
r16:	0	0	0	0	0	0	0	0	
r24:	0	0	0	0	0	0	0	0	

data:
212:	1	2	3	4	5	7	8	0	
244:	0	0	0	0	0	0	0	0	
276:	0	0	0	0	0	0	0	0	
308:	0	0	0	0	0	0	0	0	
340:	0	0	0	0	200	

====================
cycle:25	196	CBNZ	R0, #-1

registers:
r00:	4	30	10	-5	-3	0	18	0	
r08:	79	79	4080	4294967297000	200	200	0	0	
r16:	0	0	0	0	0	0	0	0	
r24:	0	0	0	0	0	0	0	0	

data:
212:	1	2	3	4	5	7	8	0	
244:	0	0	0	0	0	0	0	0	
276:	0	0	0	0	0	0	0	0	
308:	0	0	0	0	0	0	0	0	
340:	0	0	0	0	200	

====================
cycle:26	192	SUBI	R0, R0, #1

registers:
r00:	3	30	10	-5	-3	0	18	0	
r08:	79	79	4080	4294967297000	200	200	0	0	
r16:	0	0	0	0	0	0	0	0	
r24:	0	0	0	0	0	0	0	0	

data:
212:	1	2	3	4	5	7	8	0	
244:	0	0	0	0	0	0	0	0	
276:	0	0	0	0	0	0	0	0	
308:	0	0	0	0	0	0	0	0	
340:	0	0	0	0	200	

====================
cycle:27	196	CBNZ	R0, #-1

registers:
r00:	3	30	10	-5	-3	0	18	0	
r08:	79	79	4080	4294967297000	200	200	0	0	
r16:	0	0	0	0	0	0	0	0	
r24:	0	0	0	0	0	0	0	0	

data:
212:	1	2	3	4	5	7	8	0	
244:	0	0	0	0	0	0	0	0	
276:	0	0	0	0	0	0	0	0	
308:	0	0	0	0	0	0	0	0	
340:	0	0	0	0	200	

====================
cycle:28	192	SUBI	R0, R0, #1

registers:
r00:	2	30	10	-5	-3	0	18	0	
r08:	79	79	4080	4294967297000	200	200	0	0	
r16:	0	0	0	0	0	0	0	0	
r24:	0	0	0	0	0	0	0	0	

data:
212:	1	2	3	4	5	7	8	0	
244:	0	0	0	0	0	0	0	0	
276:	0	0	0	0	0	0	0	0	
308:	0	0	0	0	0	0	0	0	
340:	0	0	0	0	200	

====================
cycle:29	196	CBNZ	R0, #-1

registers:
r00:	2	30	10	-5	-3	0	18	0	
r08:	79	79	4080	4294967297000	200	200	0	0	
r16:	0	0	0	0	0	0	0	0	
r24:	0	0	0	0	0	0	0	0	

data:
212:	1	2	3	4	5	7	8	0	
244:	0	0	0	0	0	0	0	0	
276:	0	0	0	0	0	0	0	0	
308:	0	0	0	0	0	0	0	0	
340:	0	0	0	0	200	

====================
cycle:30	192	SUBI	R0, R0, #1

registers:
r00:	1	30	10	-5	-3	0	18	0	
r08:	79	79	4080	4294967297000	200	200	0	0	
r16:	0	0	0	0	0	0	0	0	
r24:	0	0	0	0	0	0	0	0	

data:
212:	1	2	3	4	5	7	8	0	
244:	0	0	0	0	0	0	0	0	
276:	0	0	0	0	0	0	0	0	
308:	0	0	0	0	0	0	0	0	
340:	0	0	0	0	200	

====================
cycle:31	196	CBNZ	R0, #-1

registers:
r00:	1	30	10	-5	-3	0	18	0	
r08:	79	79	4080	4294967297000	200	200	0	0	
r16:	0	0	0	0	0	0	0	0	
r24:	0	0	0	0	0	0	0	0	

data:
212:	1	2	3	4	5	7	8	0	
244:	0	0	0	0	0	0	0	0	
276:	0	0	0	0	0	0	0	0	
308:	0	0	0	0	0	0	0	0	
340:	0	0	0	0	200	

====================
cycle:32	192	SUBI	R0, R0, #1

registers:
r00:	0	30	10	-5	-3	0	18	0	
r08:	79	79	4080	4294967297000	200	200	0	0	
r16:	0	0	0	0	0	0	0	0	
r24:	0	0	0	0	0	0	0	0	

data:
212:	1	2	3	4	5	7	8	0	
244:	0	0	0	0	0	0	0	0	
276:	0	0	0	0	0	0	0	0	
308:	0	0	0	0	0	0	0	0	
340:	0	0	0	0	200	

====================
cycle:33	196	CBNZ	R0, #-1

registers:
r00:	0	30	10	-5	-3	0	18	0	
r08:	79	79	4080	4294967297000	200	200	0	0	
r16:	0	0	0	0	0	0	0	0	
r24:	0	0	0	0	0	0	0	0	

data:
212:	1	2	3	4	5	7	8	0	
244:	0	0	0	0	0	0	0	0	
276:	0	0	0	0	0	0	0	0	
308:	0	0	0	0	0	0	0	0	
340:	0	0	0	0	200	

====================
cycle:34	200	CBZ	R0, #-3

registers:
r00:	0	30	10	-5	-3	0	18	0	
r08:	79	79	4080	4294967297000	200	200	0	0	
r16:	0	0	0	0	0	0	0	0	
r24:	0	0	0	0	0	0	0	0	

data:
212:	1	2	3	4	5	7	8	0	
244:	0	0	0	0	0	0	0	0	
276:	0	0	0	0	0	0	0	0	
308:	0	0	0	0	0	0	0	0	
340:	0	0	0	0	200	

====================
cycle:35	188	B	#4

registers:
r00:	0	30	10	-5	-3	0	18	0	
r08:	79	79	4080	4294967297000	200	200	0	0	
r16:	0	0	0	0	0	0	0	0	
r24:	0	0	0	0	0	0	0	0	

data:
212:	1	2	3	4	5	7	8	0	
244:	0	0	0	0	0	0	0	0	
276:	0	0	0	0	0	0	0	0	
308:	0	0	0	0	0	0	0	0	
340:	0	0	0	0	200	

====================
cycle:36	204	NOP

registers:
r00:	0	30	10	-5	-3	0	18	0	
r08:	79	79	4080	4294967297000	200	200	0	0	
r16:	0	0	0	0	0	0	0	0	
r24:	0	0	0	0	0	0	0	0	

data:
212:	1	2	3	4	5	7	8	0	
244:	0	0	0	0	0	0	0	0	
276:	0	0	0	0	0	0	0	0	
308:	0	0	0	0	0	0	0	0	
340:	0	0	0	0	200	

====================
cycle:37	208	BREAK

registers:
r00:	0	30	10	-5	-3	0	18	0	
r08:	79	79	4080	4294967297000	200	200	0	0	
r16:	0	0	0	0	0	0	0	0	
r24:	0	0	0	0	0	0	0	0	

data:
212:	1	2	3	4	5	7	8	0	
244:	0	0	0	0	0	0	0	0	
276:	0	0	0	0	0	0	0	0	
308:	0	0	0	0	0	0	0	0	
340:	0	0	0	0	200	

