
10001011 000 00010 00000 00000 100011	96	ADD 	R3, R1, R2
11001011 000 00010 00000 00000 100011	100	SUB 	R3, R1, R2
10001010 000 00010 00000 00000 100011	104	AND 	R3, R1, R2
10101010 000 00010 00000 00000 100011	108	ORR 	R3, R1, R2
00010100 000 00000 00100 11100 010000	112	B   	#10000
10010001 000 00110 01000 00001 000001	116	ADDI	R1, R2, #400
11010001 000 00110 01000 00001 000001	120	SUBI	R1, R2, #400
10010001 001 00110 01000 00001 000001	124	ADDI	R1, R2, #-1648
11010001 001 00110 01000 00001 000001	128	SUBI	R1, R2, #-1648
11111000 010 00110 01000 00001 000001	132	LDUR	R1, [R2, #100]
11111000 000 00110 01000 00001 000001	136	STUR	R1, [R2, #100]
10110100 000 00000 00000 00001 110011	140	CBZ 	R19, #3
10110101 000 00000 00000 00001 110011	144	CBNZ	R19, #3
11010010 100 00000 00011 11111 100001	148	MOVZ	R1, 255, LSL 0
11110010 111 11111 11100 00000 000010	152	MOVK	R2, 65280, LSL 48
11010011 010 00000 00010 00000 100000	156	LSR 	R0, R1, #4
11010011 011 00000 00010 00000 100000	160	LSL 	R0, R1, #4
00000000 000 00000 00000 00000 000000	164	NOP
11111110 110 11110 11111 11111 100111	168	BREAK
11111111 111 11111 11111 11111 111111	172	-1
11111111 111 11111 11111 11111 111110	176	-2
11111111 111 11111 11111 11111 111101	180	-3
